rmse: 0.042035230443634095
r2_corr: 0.4466350814312082
r2_oos: -0.03847304265381091
elpd: 233.36609921940908
n_obs: 183
